0 0 3 -9 -8 0 
0.01 0.03 2.91 -9.08 -8 19.35 
0.02 0.0591 2.8192 -9.16 -7.8065 36.3051 
0.03 0.087292 2.7276 -9.23807 -7.44345 51.0558 
0.04 0.114568 2.63522 -9.3125 -6.93289 63.7804 
0.05 0.14092 2.54209 -9.38183 -6.29509 74.6457 
0.06 0.166341 2.44828 -9.44478 -5.54863 83.8074 
0.07 0.190824 2.35383 -9.50027 -4.71056 91.4112 
0.08 0.214362 2.25883 -9.54737 -3.79644 97.5931 
0.09 0.23695 2.16335 -9.58534 -2.82051 102.48 
0.1 0.258584 2.0675 -9.61354 -1.79572 106.189 
0.11 0.279259 1.97136 -9.6315 -0.733824 108.832 
0.12 0.298973 1.87505 -9.63884 0.354494 110.51 
0.13 0.317723 1.77866 -9.63529 1.45959 111.319 
0.14 0.33551 1.68231 -9.6207 2.57278 111.347 
0.15 0.352333 1.5861 -9.59497 3.68625 110.677 
0.16 0.368194 1.49015 -9.5581 4.79302 109.384 
0.17 0.383095 1.39457 -9.51017 5.88686 107.54 
0.18 0.397041 1.29947 -9.45131 6.96226 105.209 
0.19 0.410036 1.20495 -9.38168 8.01435 102.453 
0.2 0.422085 1.11114 -9.30154 9.03888 99.326 
0.21 0.433197 1.01812 -9.21115 10.0321 95.8805 
0.22 0.443378 0.926011 -9.11083 10.9909 92.1635 
0.23 0.452638 0.834902 -9.00092 11.9126 88.2186 
0.24 0.460987 0.744893 -8.88179 12.7948 84.0857 
0.25 0.468436 0.656075 -8.75385 13.6356 79.8014 
0.26 0.474997 0.568537 -8.61749 14.4336 75.3991 
0.27 0.480682 0.482362 -8.47315 15.1876 70.9094 
0.28 0.485506 0.39763 -8.32128 15.8967 66.36 
0.29 0.489482 0.314418 -8.16231 16.5603 61.7762 
0.3 0.492626 0.232794 -7.99671 17.1781 57.1809 
0.31 0.494954 0.152827 -7.82493 17.7499 52.5947 
0.32 0.496482 0.074578 -7.64743 18.2758 48.0362 
0.33 0.497228 -0.00189625 -7.46467 18.7562 43.5221 
0.34 0.497209 -0.0765429 -7.27711 19.1914 39.0672 
0.35 0.496444 -0.149314 -7.08519 19.5821 34.6848 
0.36 0.49495 -0.220166 -6.88937 19.9289 30.3866 
0.37 0.492749 -0.28906 -6.69008 20.2328 26.1828 
0.38 0.489858 -0.355961 -6.48776 20.4946 22.0824 
0.39 0.486299 -0.420838 -6.28281 20.7155 18.0931 
0.4 0.48209 -0.483666 -6.07565 20.8964 14.2215 
0.41 0.477254 -0.544423 -5.86669 21.0386 10.4732 
0.42 0.471809 -0.60309 -5.6563 21.1433 6.85268 
0.43 0.465778 -0.659653 -5.44487 21.2119 3.36381 
0.44 0.459182 -0.714101 -5.23275 21.2455 0.00946653 
0.45 0.452041 -0.766429 -5.0203 21.2456 -3.20818 
0.46 0.444377 -0.816632 -4.80784 21.2135 -6.28761 
0.47 0.43621 -0.86471 -4.59571 21.1506 -9.22794 
0.48 0.427563 -0.910667 -4.3842 21.0584 -12.0288 
0.49 0.418457 -0.954509 -4.17362 20.9381 -14.6905 
0.5 0.408911 -0.996245 -3.96424 20.7912 -17.2135 
0.51 0.398949 -1.03589 -3.75632 20.619 -19.5989 
0.52 0.38859 -1.07345 -3.55013 20.423 -21.8483 
0.53 0.377856 -1.10895 -3.3459 20.2046 -23.9632 
0.54 0.366766 -1.14241 -3.14386 19.9649 -25.9458 
0.55 0.355342 -1.17385 -2.94421 19.7055 -27.7984 
0.56 0.343603 -1.20329 -2.74715 19.4275 -29.5236 
0.57 0.331571 -1.23076 -2.55288 19.1323 -31.1241 
0.58 0.319263 -1.25629 -2.36156 18.821 -32.6029 
0.59 0.3067 -1.27991 -2.17335 18.495 -33.963 
0.6 0.293901 -1.30164 -1.9884 18.1554 -35.2076 
0.61 0.280884 -1.32153 -1.80684 17.8033 -36.3402 
0.62 0.267669 -1.33959 -1.62881 17.4399 -37.364 
0.63 0.254273 -1.35588 -1.45441 17.0662 -38.2826 
0.64 0.240714 -1.37043 -1.28375 16.6834 -39.0994 
0.65 0.22701 -1.38326 -1.11691 16.2924 -39.8182 
0.66 0.213178 -1.39443 -0.953991 15.8942 -40.4424 
0.67 0.199233 -1.40397 -0.795048 15.4898 -40.9756 
0.68 0.185194 -1.41192 -0.64015 15.0801 -41.4215 
0.69 0.171074 -1.41832 -0.48935 14.6658 -41.7837 
0.7 0.156891 -1.42322 -0.342691 14.248 -42.0656 
0.71 0.142659 -1.42664 -0.200211 13.8273 -42.2709 
0.72 0.128392 -1.42865 -0.0619379 13.4046 -42.4031 
0.73 0.114106 -1.42927 0.0721084 12.9806 -42.4655 
0.74 0.0998133 -1.42855 0.201914 12.5559 -42.4617 
0.75 0.0855278 -1.42653 0.327474 12.1313 -42.3949 
0.76 0.0712626 -1.42325 0.448787 11.7074 -42.2684 
0.77 0.05703 -1.41876 0.565861 11.2847 -42.0855 
0.78 0.0428424 -1.4131 0.678708 10.8638 -41.8493 
0.79 0.0287114 -1.40632 0.787346 10.4453 -41.5629 
0.8 0.0146482 -1.39844 0.8918 10.0297 -41.2293 
0.81 0.000663733 -1.38953 0.992097 9.61743 -40.8514 
0.82 -0.0132315 -1.37961 1.08827 9.20891 -40.4321 
0.83 -0.0270276 -1.36872 1.18036 8.80459 -39.9741 
0.84 -0.0407148 -1.35692 1.26841 8.40485 -39.4801 
0.85 -0.054284 -1.34424 1.35245 8.01005 -38.9527 
0.86 -0.0677264 -1.33071 1.43256 7.62052 -38.3944 
0.87 -0.0810335 -1.31638 1.50876 7.23658 -37.8076 
0.88 -0.0941973 -1.3013 1.58113 6.8585 -37.1948 
0.89 -0.10721 -1.28549 1.64971 6.48655 -36.5581 
0.9 -0.120065 -1.26899 1.71458 6.12097 -35.8998 
0.91 -0.132755 -1.25184 1.77579 5.76198 -35.2219 
0.92 -0.145273 -1.23409 1.83341 5.40976 -34.5264 
0.93 -0.157614 -1.21575 1.8875 5.06449 -33.8154 
0.94 -0.169772 -1.19688 1.93815 4.72634 -33.0906 
0.95 -0.181741 -1.17749 1.98541 4.39543 -32.3538 
0.96 -0.193516 -1.15764 2.02937 4.07189 -31.6068 
0.97 -0.205092 -1.13735 2.07009 3.75583 -30.8511 
0.98 -0.216465 -1.11665 2.10764 3.44732 -30.0882 
0.99 -0.227632 -1.09557 2.14212 3.14643 -29.3198 
1 -0.238588 -1.07415 2.17358 2.85324 -28.5471 
1.01 -0.249329 -1.05241 2.20211 2.56776 -27.7716 
1.02 -0.259853 -1.03039 2.22779 2.29005 -26.9944 
1.03 -0.270157 -1.00811 2.25069 2.0201 -26.2168 
1.04 -0.280238 -0.985607 2.27089 1.75794 -25.4399 
1.05 -0.290094 -0.962898 2.28847 1.50354 -24.6648 
1.06 -0.299723 -0.940013 2.30351 1.25689 -23.8925 
1.07 -0.309123 -0.916978 2.31608 1.01797 -23.1239 
1.08 -0.318293 -0.893817 2.32626 0.786727 -22.3599 
1.09 -0.327231 -0.870555 2.33412 0.563127 -21.6015 
1.1 -0.335937 -0.847213 2.33975 0.347113 -20.8493 
1.11 -0.344409 -0.823816 2.34323 0.13862 -20.1041 
1.12 -0.352647 -0.800384 2.34461 -0.0624211 -19.3666 
1.13 -0.360651 -0.776938 2.34399 -0.256087 -18.6374 
1.14 -0.36842 -0.753498 2.34143 -0.442461 -17.9171 
1.15 -0.375955 -0.730083 2.337 -0.621632 -17.2062 
1.16 -0.383256 -0.706713 2.33079 -0.793694 -16.5053 
1.17 -0.390323 -0.683405 2.32285 -0.958747 -15.8148 
1.18 -0.397157 -0.660177 2.31326 -1.1169 -15.1351 
1.19 -0.403759 -0.637044 2.30209 -1.26825 -14.4667 
1.2 -0.41013 -0.614023 2.28941 -1.41291 -13.8097 
1.21 -0.41627 -0.591129 2.27528 -1.55101 -13.1646 
1.22 -0.422181 -0.568377 2.25977 -1.68266 -12.5317 
1.23 -0.427865 -0.545779 2.24294 -1.80797 -11.9111 
1.24 -0.433323 -0.523349 2.22486 -1.92708 -11.3031 
1.25 -0.438556 -0.501101 2.20559 -2.04012 -10.7078 
1.26 -0.443567 -0.479045 2.18519 -2.14719 -10.1255 
1.27 -0.448358 -0.457193 2.16372 -2.24845 -9.55624 
1.28 -0.45293 -0.435556 2.14124 -2.34401 -9.0001 
1.29 -0.457285 -0.414143 2.1178 -2.43401 -8.4572 
1.3 -0.461427 -0.392965 2.09346 -2.51858 -7.92757 
1.31 -0.465356 -0.372031 2.06827 -2.59786 -7.41126 
1.32 -0.469077 -0.351348 2.04229 -2.67197 -6.90829 
1.33 -0.47259 -0.330925 2.01557 -2.74106 -6.41864 
1.34 -0.475899 -0.310769 1.98816 -2.80524 -5.9423 
1.35 -0.479007 -0.290888 1.96011 -2.86467 -5.47922 
1.36 -0.481916 -0.271287 1.93146 -2.91946 -5.02935 
1.37 -0.484629 -0.251972 1.90227 -2.96975 -4.59262 
1.38 -0.487148 -0.232949 1.87257 -3.01568 -4.16893 
1.39 -0.489478 -0.214224 1.84241 -3.05737 -3.75821 
1.4 -0.49162 -0.1958 1.81184 -3.09495 -3.36033 
1.41 -0.493578 -0.177681 1.78089 -3.12855 -2.97516 
1.42 -0.495355 -0.159872 1.7496 -3.1583 -2.60259 
1.43 -0.496954 -0.142376 1.71802 -3.18433 -2.24247 
1.44 -0.498377 -0.125196 1.68618 -3.20675 -1.89464 
1.45 -0.499629 -0.108334 1.65411 -3.2257 -1.55894 
1.46 -0.500713 -0.0917932 1.62185 -3.24129 -1.23522 
1.47 -0.501631 -0.0755746 1.58944 -3.25364 -0.923285 
1.48 -0.502386 -0.0596802 1.5569 -3.26288 -0.622965 
1.49 -0.502983 -0.0441112 1.52428 -3.2691 -0.33407 
1.5 -0.503424 -0.0288684 1.49158 -3.27245 -0.0564106 
1.51 -0.503713 -0.0139526 1.45886 -3.27301 0.210212 
1.52 -0.503853 0.000636038 1.42613 -3.27091 0.465996 
1.53 -0.503846 0.0148973 1.39342 -3.26625 0.711148 
1.54 -0.503697 0.0288315 1.36076 -3.25914 0.945874 
1.55 -0.503409 0.0424391 1.32817 -3.24968 1.17038 
1.56 -0.502985 0.0557208 1.29567 -3.23797 1.38489 
1.57 -0.502427 0.0686775 1.26329 -3.22412 1.5896 
1.58 -0.501741 0.0813104 1.23105 -3.20823 1.78475 
1.59 -0.500927 0.0936209 1.19897 -3.19038 1.97053 
1.6 -0.499991 0.105611 1.16706 -3.17068 2.14717 
1.61 -0.498935 0.117281 1.13536 -3.1492 2.31489 
1.62 -0.497762 0.128635 1.10386 -3.12606 2.4739 
1.63 -0.496476 0.139673 1.0726 -3.10132 2.62442 
1.64 -0.495079 0.150399 1.04159 -3.07507 2.76667 
1.65 -0.493575 0.160815 1.01084 -3.04741 2.90086 
1.66 -0.491967 0.170924 0.980366 -3.0184 3.02722 
1.67 -0.490258 0.180727 0.950182 -2.98812 3.14594 
1.68 -0.488451 0.190229 0.920301 -2.95667 3.25725 
1.69 -0.486548 0.199432 0.890734 -2.92409 3.36136 
1.7 -0.484554 0.20834 0.861493 -2.89048 3.45846 
1.71 -0.482471 0.216955 0.832589 -2.85589 3.54878 
1.72 -0.480301 0.22528 0.80403 -2.82041 3.63252 
1.73 -0.478048 0.233321 0.775825 -2.78408 3.70987 
1.74 -0.475715 0.241079 0.747985 -2.74698 3.78105 
1.75 -0.473304 0.248559 0.720515 -2.70917 3.84623 
1.76 -0.470819 0.255764 0.693423 -2.67071 3.90563 
1.77 -0.468261 0.262698 0.666716 -2.63165 3.95943 
1.78 -0.465634 0.269365 0.6404 -2.59206 4.00781 
1.79 -0.46294 0.275769 0.614479 -2.55198 4.05098 
1.8 -0.460183 0.281914 0.588959 -2.51147 4.0891 
1.81 -0.457364 0.287804 0.563844 -2.47058 4.12236 
1.82 -0.454485 0.293442 0.539139 -2.42936 4.15094 
1.83 -0.451551 0.298834 0.514845 -2.38785 4.175 
1.84 -0.448563 0.303982 0.490967 -2.3461 4.19473 
1.85 -0.445523 0.308892 0.467506 -2.30415 4.21028 
1.86 -0.442434 0.313567 0.444464 -2.26205 4.22181 
1.87 -0.439298 0.318011 0.421844 -2.21983 4.2295 
1.88 -0.436118 0.32223 0.399645 -2.17753 4.23349 
1.89 -0.432896 0.326226 0.37787 -2.1352 4.23394 
1.9 -0.429634 0.330005 0.356518 -2.09286 4.231 
1.91 -0.426334 0.33357 0.335589 -2.05055 4.22482 
1.92 -0.422998 0.336926 0.315084 -2.0083 4.21553 
1.93 -0.419629 0.340077 0.295001 -1.96615 4.20328 
1.94 -0.416228 0.343027 0.275339 -1.92411 4.1882 
1.95 -0.412798 0.34578 0.256098 -1.88223 4.17043 
1.96 -0.40934 0.348341 0.237276 -1.84053 4.1501 
1.97 -0.405856 0.350714 0.218871 -1.79903 4.12733 
1.98 -0.402349 0.352903 0.20088 -1.75775 4.10224 
1.99 -0.39882 0.354912 0.183303 -1.71673 4.07496 
2 -0.395271 0.356745 0.166136 -1.67598 4.04559 
2.01 -0.391704 0.358406 0.149376 -1.63552 4.01427 
2.02 -0.38812 0.3599 0.133021 -1.59538 3.98108 
2.03 -0.384521 0.36123 0.117067 -1.55557 3.94614 
2.04 -0.380908 0.362401 0.101511 -1.51611 3.90956 
2.05 -0.377284 0.363416 0.0863499 -1.47701 3.87143 
2.06 -0.37365 0.364279 0.0715797 -1.4383 3.83185 
2.07 -0.370007 0.364995 0.0571967 -1.39998 3.79092 
2.08 -0.366357 0.365567 0.0431969 -1.36207 3.74872 
2.09 -0.362702 0.365999 0.0295762 -1.32459 3.70535 
2.1 -0.359042 0.366295 0.0163303 -1.28753 3.66089 
2.11 -0.355379 0.366458 0.00345502 -1.25092 3.61542 
2.12 -0.351714 0.366493 -0.00905421 -1.21477 3.56902 
2.13 -0.348049 0.366402 -0.0212019 -1.17908 3.52178 
2.14 -0.344385 0.36619 -0.0329927 -1.14386 3.47376 
2.15 -0.340723 0.36586 -0.0444313 -1.10912 3.42504 
2.16 -0.337065 0.365416 -0.0555225 -1.07487 3.37568 
2.17 -0.333411 0.36486 -0.0662712 -1.04112 3.32576 
2.18 -0.329762 0.364198 -0.0766824 -1.00786 3.27534 
2.19 -0.32612 0.363431 -0.086761 -0.975105 3.22447 
2.2 -0.322486 0.362563 -0.096512 -0.94286 3.17323 
2.21 -0.31886 0.361598 -0.105941 -0.911128 3.12166 
2.22 -0.315244 0.360539 -0.115052 -0.879911 3.06982 
2.23 -0.311639 0.359388 -0.123851 -0.849213 3.01777 
2.24 -0.308045 0.35815 -0.132343 -0.819036 2.96555 
2.25 -0.304463 0.356826 -0.140534 -0.78938 2.91322 
2.26 -0.300895 0.355421 -0.148427 -0.760248 2.86082 
2.27 -0.297341 0.353937 -0.15603 -0.73164 2.80839 
2.28 -0.293801 0.352376 -0.163346 -0.703556 2.75598 
2.29 -0.290278 0.350743 -0.170382 -0.675996 2.70363 
2.3 -0.28677 0.349039 -0.177142 -0.648959 2.65138 
2.31 -0.28328 0.347268 -0.183631 -0.622446 2.59926 
2.32 -0.279807 0.345431 -0.189856 -0.596453 2.54732 
2.33 -0.276353 0.343533 -0.19582 -0.57098 2.49557 
2.34 -0.272918 0.341575 -0.20153 -0.546024 2.44406 
2.35 -0.269502 0.339559 -0.20699 -0.521584 2.39282 
2.36 -0.266106 0.337489 -0.212206 -0.497655 2.34187 
2.37 -0.262731 0.335367 -0.217183 -0.474237 2.29124 
2.38 -0.259378 0.333196 -0.221925 -0.451324 2.24096 
2.39 -0.256046 0.330976 -0.226438 -0.428915 2.19105 
2.4 -0.252736 0.328712 -0.230727 -0.407004 2.14154 
2.41 -0.249449 0.326405 -0.234798 -0.385589 2.09244 
2.42 -0.246185 0.324057 -0.238653 -0.364664 2.04378 
2.43 -0.242944 0.32167 -0.2423 -0.344227 1.99557 
2.44 -0.239728 0.319247 -0.245742 -0.324271 1.94784 
2.45 -0.236535 0.31679 -0.248985 -0.304792 1.9006 
2.46 -0.233367 0.3143 -0.252033 -0.285786 1.85386 
2.47 -0.230224 0.31178 -0.254891 -0.267248 1.80765 
2.48 -0.227106 0.309231 -0.257563 -0.249171 1.76197 
2.49 -0.224014 0.306655 -0.260055 -0.231552 1.71683 
2.5 -0.220947 0.304054 -0.262371 -0.214383 1.67225 
2.51 -0.217907 0.301431 -0.264514 -0.197661 1.62824 
2.52 -0.214893 0.298786 -0.266491 -0.181378 1.58481 
2.53 -0.211905 0.296121 -0.268305 -0.16553 1.54196 
2.54 -0.208944 0.293438 -0.26996 -0.150111 1.49971 
2.55 -0.206009 0.290738 -0.271461 -0.135114 1.45805 
2.56 -0.203102 0.288023 -0.272812 -0.120533 1.41701 
2.57 -0.200222 0.285295 -0.274018 -0.106363 1.37657 
2.58 -0.197369 0.282555 -0.275081 -0.0925973 1.33675 
2.59 -0.194543 0.279804 -0.276007 -0.0792298 1.29755 
2.6 -0.191745 0.277044 -0.2768 -0.0662543 1.25898 
2.61 -0.188975 0.274276 -0.277462 -0.0536645 1.22103 
2.62 -0.186232 0.271502 -0.277999 -0.0414542 1.18371 
2.63 -0.183517 0.268722 -0.278413 -0.0296171 1.14702 
2.64 -0.18083 0.265938 -0.278709 -0.0181469 1.11096 
2.65 -0.17817 0.26315 -0.278891 -0.00703723 1.07553 
2.66 -0.175539 0.260362 -0.278961 0.00371811 1.04074 
2.67 -0.172935 0.257572 -0.278924 0.0141255 1.00657 
2.68 -0.170359 0.254783 -0.278783 0.0241912 0.973034 
2.69 -0.167812 0.251995 -0.278541 0.0339215 0.940124 
2.7 -0.165292 0.249209 -0.278202 0.0433228 0.907839 
2.71 -0.1628 0.246427 -0.277768 0.0524012 0.876178 
2.72 -0.160335 0.24365 -0.277244 0.0611629 0.845137 
2.73 -0.157899 0.240877 -0.276633 0.0696143 0.814713 
2.74 -0.15549 0.238111 -0.275937 0.0777614 0.784903 
2.75 -0.153109 0.235352 -0.275159 0.0856105 0.755702 
2.76 -0.150755 0.2326 -0.274303 0.0931675 0.727108 
2.77 -0.148429 0.229857 -0.273371 0.100439 0.699114 
2.78 -0.146131 0.227123 -0.272367 0.10743 0.671717 
2.79 -0.14386 0.2244 -0.271293 0.114147 0.644912 
2.8 -0.141616 0.221687 -0.270151 0.120596 0.618694 
2.81 -0.139399 0.218985 -0.268945 0.126783 0.593056 
2.82 -0.137209 0.216296 -0.267677 0.132713 0.567994 
2.83 -0.135046 0.213619 -0.26635 0.138393 0.543502 
2.84 -0.13291 0.210955 -0.264966 0.143828 0.519573 
2.85 -0.1308 0.208306 -0.263528 0.149024 0.496201 
2.86 -0.128717 0.20567 -0.262038 0.153986 0.473381 
2.87 -0.12666 0.20305 -0.260498 0.15872 0.451105 
2.88 -0.12463 0.200445 -0.258911 0.163231 0.429367 
2.89 -0.122625 0.197856 -0.257278 0.167525 0.408161 
2.9 -0.120647 0.195283 -0.255603 0.171606 0.387479 
2.91 -0.118694 0.192727 -0.253887 0.175481 0.367315 
2.92 -0.116767 0.190188 -0.252132 0.179154 0.347661 
2.93 -0.114865 0.187667 -0.250341 0.182631 0.328511 
2.94 -0.112988 0.185164 -0.248514 0.185916 0.309856 
2.95 -0.111137 0.182678 -0.246655 0.189015 0.291691 
2.96 -0.10931 0.180212 -0.244765 0.191931 0.274008 
2.97 -0.107508 0.177764 -0.242846 0.194672 0.256799 
2.98 -0.10573 0.175336 -0.240899 0.19724 0.240056 
2.99 -0.103977 0.172927 -0.238927 0.19964 0.223774 
3 -0.102247 0.170538 -0.23693 0.201878 0.207943 
3.01 -0.100542 0.168168 -0.234912 0.203957 0.192558 
3.02 -0.0988603 0.165819 -0.232872 0.205883 0.177609 
3.03 -0.0972021 0.16349 -0.230813 0.207659 0.163091 
3.04 -0.0955672 0.161182 -0.228737 0.20929 0.148995 
3.05 -0.0939554 0.158895 -0.226644 0.21078 0.135313 
3.06 -0.0923665 0.156628 -0.224536 0.212133 0.12204 
3.07 -0.0908002 0.154383 -0.222414 0.213353 0.109166 
3.08 -0.0892563 0.152159 -0.220281 0.214445 0.096685 
3.09 -0.0877348 0.149956 -0.218137 0.215412 0.0845894 
3.1 -0.0862352 0.147775 -0.215982 0.216258 0.072872 
3.11 -0.0847575 0.145615 -0.21382 0.216986 0.0615253 
3.12 -0.0833013 0.143477 -0.21165 0.217602 0.0505422 
3.13 -0.0818665 0.14136 -0.209474 0.218107 0.0399154 
3.14 -0.0804529 0.139266 -0.207293 0.218506 0.0296379 
3.15 -0.0790603 0.137193 -0.205108 0.218803 0.0197025 
3.16 -0.0776883 0.135142 -0.20292 0.219 0.0101022 
3.17 -0.0763369 0.133112 -0.20073 0.219101 0.000830052 
3.18 -0.0750058 0.131105 -0.198539 0.219109 -0.00812088 
3.19 -0.0736948 0.12912 -0.196348 0.219028 -0.0167574 
3.2 -0.0724036 0.127156 -0.194157 0.21886 -0.0250864 
3.21 -0.071132 0.125215 -0.191969 0.218609 -0.0331145 
3.22 -0.0698799 0.123295 -0.189783 0.218278 -0.0408483 
3.23 -0.0686469 0.121397 -0.1876 0.21787 -0.0482944 
3.24 -0.0674329 0.119521 -0.185421 0.217387 -0.0554594 
3.25 -0.0662377 0.117667 -0.183247 0.216832 -0.0623496 
3.26 -0.0650611 0.115834 -0.181079 0.216209 -0.0689714 
3.27 -0.0639027 0.114024 -0.178917 0.215519 -0.0753311 
3.28 -0.0627625 0.112234 -0.176762 0.214766 -0.0814347 
3.29 -0.0616401 0.110467 -0.174614 0.213951 -0.0872885 
3.3 -0.0605355 0.108721 -0.172475 0.213078 -0.0928984 
3.31 -0.0594483 0.106996 -0.170344 0.212149 -0.0982704 
3.32 -0.0583783 0.105292 -0.168222 0.211167 -0.10341 
3.33 -0.0573254 0.10361 -0.166111 0.210133 -0.108324 
3.34 -0.0562893 0.101949 -0.164009 0.209049 -0.113017 
3.35 -0.0552698 0.100309 -0.161919 0.207919 -0.117495 
3.36 -0.0542667 0.0986899 -0.15984 0.206744 -0.121763 
3.37 -0.0532798 0.0970915 -0.157772 0.205527 -0.125828 
3.38 -0.0523089 0.0955138 -0.155717 0.204268 -0.129693 
3.39 -0.0513537 0.0939566 -0.153674 0.202971 -0.133365 
3.4 -0.0504142 0.0924198 -0.151645 0.201638 -0.136849 
3.41 -0.04949 0.0909034 -0.149628 0.200269 -0.140149 
3.42 -0.0485809 0.0894071 -0.147625 0.198868 -0.143271 
3.43 -0.0476869 0.0879309 -0.145637 0.197435 -0.14622 
3.44 -0.0468076 0.0864745 -0.143662 0.195973 -0.149 
3.45 -0.0459428 0.0850379 -0.141703 0.194483 -0.151617 
3.46 -0.0450924 0.0836208 -0.139758 0.192967 -0.154074 
3.47 -0.0442562 0.0822233 -0.137828 0.191426 -0.156377 
3.48 -0.043434 0.080845 -0.135914 0.189862 -0.158529 
3.49 -0.0426255 0.0794858 -0.134015 0.188277 -0.160536 
3.5 -0.0418307 0.0781457 -0.132133 0.186672 -0.162401 
3.51 -0.0410492 0.0768244 -0.130266 0.185048 -0.164129 
3.52 -0.040281 0.0755217 -0.128415 0.183406 -0.165723 
3.53 -0.0395258 0.0742376 -0.126581 0.181749 -0.167189 
3.54 -0.0387834 0.0729717 -0.124764 0.180077 -0.16853 
3.55 -0.0380537 0.0717241 -0.122963 0.178392 -0.16975 
3.56 -0.0373364 0.0704945 -0.121179 0.176694 -0.170852 
3.57 -0.0366315 0.0692827 -0.119412 0.174986 -0.171841 
3.58 -0.0359387 0.0680886 -0.117662 0.173267 -0.172719 
3.59 -0.0352578 0.0669119 -0.11593 0.17154 -0.173492 
3.6 -0.0345887 0.0657526 -0.114214 0.169805 -0.174161 
3.61 -0.0339311 0.0646105 -0.112516 0.168064 -0.174731 
3.62 -0.033285 0.0634853 -0.110836 0.166316 -0.175205 
3.63 -0.0326502 0.062377 -0.109172 0.164564 -0.175586 
3.64 -0.0320264 0.0612853 -0.107527 0.162808 -0.175877 
3.65 -0.0314135 0.06021 -0.105899 0.16105 -0.176082 
3.66 -0.0308114 0.059151 -0.104288 0.159289 -0.176204 
3.67 -0.0302199 0.0581081 -0.102695 0.157527 -0.176245 
3.68 -0.0296389 0.0570812 -0.10112 0.155764 -0.176209 
3.69 -0.029068 0.05607 -0.0995624 0.154002 -0.176098 
3.7 -0.0285073 0.0550744 -0.0980223 0.152241 -0.175915 
3.71 -0.0279566 0.0540941 -0.0964999 0.150482 -0.175663 
3.72 -0.0274157 0.0531291 -0.0949951 0.148726 -0.175344 
3.73 -0.0268844 0.0521792 -0.0935078 0.146972 -0.174962 
3.74 -0.0263626 0.0512441 -0.0920381 0.145222 -0.174518 
3.75 -0.0258501 0.0503237 -0.0905859 0.143477 -0.174015 
3.76 -0.0253469 0.0494179 -0.0891511 0.141737 -0.173456 
3.77 -0.0248527 0.0485263 -0.0877337 0.140003 -0.172842 
3.78 -0.0243675 0.047649 -0.0863337 0.138274 -0.172177 
3.79 -0.023891 0.0467857 -0.084951 0.136552 -0.171461 
3.8 -0.0234231 0.0459362 -0.0835855 0.134838 -0.170699 
3.81 -0.0229637 0.0451003 -0.0822371 0.133131 -0.169891 
3.82 -0.0225127 0.0442779 -0.0809058 0.131432 -0.169039 
3.83 -0.02207 0.0434689 -0.0795914 0.129742 -0.168146 
3.84 -0.0216353 0.042673 -0.078294 0.12806 -0.167213 
3.85 -0.0212085 0.04189 -0.0770134 0.126388 -0.166243 
3.86 -0.0207896 0.0411199 -0.0757496 0.124725 -0.165238 
3.87 -0.0203784 0.0403624 -0.0745023 0.123073 -0.164198 
3.88 -0.0199748 0.0396174 -0.0732716 0.121431 -0.163126 
3.89 -0.0195787 0.0388847 -0.0720573 0.1198 -0.162023 
3.9 -0.0191898 0.0381641 -0.0708593 0.11818 -0.160892 
3.91 -0.0188082 0.0374555 -0.0696775 0.116571 -0.159733 
3.92 -0.0184336 0.0367587 -0.0685118 0.114973 -0.158549 
3.93 -0.018066 0.0360736 -0.067362 0.113388 -0.15734 
3.94 -0.0177053 0.0354 -0.0662281 0.111815 -0.156108 
3.95 -0.0173513 0.0347377 -0.06511 0.110253 -0.154855 
3.96 -0.0170039 0.0340866 -0.0640075 0.108705 -0.153582 
3.97 -0.016663 0.0334465 -0.0629204 0.107169 -0.15229 
3.98 -0.0163286 0.0328173 -0.0618487 0.105646 -0.150981 
3.99 -0.0160004 0.0321988 -0.0607923 0.104136 -0.149655 
4 -0.0156784 0.0315909 -0.0597509 0.10264 -0.148315 
4.01 -0.0153625 0.0309934 -0.0587245 0.101157 -0.146961 
4.02 -0.0150526 0.0304062 -0.0577129 0.099687 -0.145594 
4.03 -0.0147485 0.029829 -0.0567161 0.0982311 -0.144215 
4.04 -0.0144502 0.0292619 -0.0557337 0.096789 -0.142826 
4.05 -0.0141576 0.0287045 -0.0547659 0.0953607 -0.141428 
4.06 -0.0138706 0.0281569 -0.0538123 0.0939464 -0.140021 
4.07 -0.013589 0.0276187 -0.0528728 0.0925462 -0.138606 
4.08 -0.0133128 0.02709 -0.0519473 0.0911601 -0.137185 
4.09 -0.0130419 0.0265705 -0.0510357 0.0897883 -0.135758 
4.1 -0.0127762 0.0260602 -0.0501378 0.0884307 -0.134326 
4.11 -0.0125156 0.0255588 -0.0492535 0.0870874 -0.13289 
4.12 -0.01226 0.0250663 -0.0483827 0.0857585 -0.131451 
4.13 -0.0120093 0.0245824 -0.0475251 0.084444 -0.13001 
4.14 -0.0117635 0.0241072 -0.0466806 0.0831439 -0.128566 
4.15 -0.0115224 0.0236404 -0.0458492 0.0818583 -0.127122 
4.16 -0.011286 0.0231819 -0.0450306 0.080587 -0.125677 
4.17 -0.0110542 0.0227316 -0.0442247 0.0793303 -0.124233 
4.18 -0.0108269 0.0222893 -0.0434314 0.0780879 -0.12279 
4.19 -0.010604 0.021855 -0.0426506 0.07686 -0.121348 
4.2 -0.0103855 0.0214285 -0.041882 0.0756466 -0.119908 
4.21 -0.0101712 0.0210097 -0.0411255 0.0744475 -0.118472 
4.22 -0.00996108 0.0205985 -0.040381 0.0732628 -0.117038 
4.23 -0.0097551 0.0201946 -0.0396484 0.0720924 -0.115608 
4.24 -0.00955315 0.0197982 -0.0389275 0.0709363 -0.114183 
4.25 -0.00935517 0.0194089 -0.0382181 0.0697945 -0.112762 
4.26 -0.00916108 0.0190267 -0.0375202 0.0686668 -0.111347 
4.27 -0.00897081 0.0186515 -0.0368335 0.0675534 -0.109938 
4.28 -0.0087843 0.0182832 -0.036158 0.066454 -0.108534 
4.29 -0.00860147 0.0179216 -0.0354934 0.0653687 -0.107137 
4.3 -0.00842225 0.0175667 -0.0348397 0.0642973 -0.105747 
4.31 -0.00824658 0.0172183 -0.0341968 0.0632398 -0.104364 
4.32 -0.0080744 0.0168763 -0.0335644 0.0621962 -0.102989 
4.33 -0.00790564 0.0165406 -0.0329424 0.0611663 -0.101621 
4.34 -0.00774023 0.0162112 -0.0323307 0.0601501 -0.100262 
4.35 -0.00757812 0.0158879 -0.0317292 0.0591475 -0.0989116 
4.36 -0.00741924 0.0155706 -0.0311378 0.0581583 -0.0975698 
4.37 -0.00726354 0.0152592 -0.0305562 0.0571826 -0.0962372 
4.38 -0.00711094 0.0149537 -0.0299844 0.0562203 -0.0949138 
4.39 -0.00696141 0.0146538 -0.0294221 0.0552711 -0.0936 
4.4 -0.00681487 0.0143596 -0.0288694 0.0543351 -0.0922961 
4.41 -0.00667127 0.0140709 -0.0283261 0.0534122 -0.0910021 
4.42 -0.00653056 0.0137877 -0.027792 0.0525021 -0.0897183 
4.43 -0.00639269 0.0135097 -0.0272669 0.051605 -0.088445 
4.44 -0.00625759 0.0132371 -0.0267509 0.0507205 -0.0871822 
4.45 -0.00612522 0.0129696 -0.0262437 0.0498487 -0.0859301 
4.46 -0.00599552 0.0127071 -0.0257452 0.0489894 -0.0846889 
4.47 -0.00586845 0.0124497 -0.0252553 0.0481425 -0.0834587 
4.48 -0.00574395 0.0121971 -0.0247739 0.0473079 -0.0822396 
4.49 -0.00562198 0.0119494 -0.0243008 0.0464855 -0.0810319 
4.5 -0.00550249 0.0117064 -0.0238359 0.0456752 -0.0798354 
4.51 -0.00538543 0.011468 -0.0233792 0.0448768 -0.0786505 
4.52 -0.00527075 0.0112342 -0.0229304 0.0440903 -0.0774771 
4.53 -0.0051584 0.0110049 -0.0224895 0.0433156 -0.0763154 
4.54 -0.00504835 0.01078 -0.0220564 0.0425524 -0.0751654 
4.55 -0.00494055 0.0105595 -0.0216308 0.0418008 -0.0740271 
4.56 -0.00483496 0.0103431 -0.0212128 0.0410605 -0.0729007 
4.57 -0.00473153 0.010131 -0.0208022 0.0403315 -0.0717862 
4.58 -0.00463022 0.009923 -0.0203989 0.0396136 -0.0706836 
4.59 -0.00453099 0.00971901 -0.0200028 0.0389068 -0.069593 
4.6 -0.0044338 0.00951898 -0.0196137 0.0382109 -0.0685143 
4.61 -0.00433861 0.00932284 -0.0192316 0.0375257 -0.0674476 
4.62 -0.00424538 0.00913053 -0.0188563 0.0368512 -0.066393 
4.63 -0.00415407 0.00894197 -0.0184878 0.0361873 -0.0653504 
4.64 -0.00406465 0.00875709 -0.018126 0.0355338 -0.0643198 
4.65 -0.00397708 0.00857583 -0.0177706 0.0348906 -0.0633013 
4.66 -0.00389133 0.00839812 -0.0174217 0.0342576 -0.0622947 
4.67 -0.00380734 0.0082239 -0.0170791 0.0336346 -0.0613002 
4.68 -0.0037251 0.00805311 -0.0167428 0.0330216 -0.0603176 
4.69 -0.00364457 0.00788568 -0.0164126 0.0324185 -0.059347 
4.7 -0.00356572 0.00772156 -0.0160884 0.031825 -0.0583883 
4.71 -0.0034885 0.00756067 -0.0157701 0.0312411 -0.0574415 
4.72 -0.00341289 0.00740297 -0.0154577 0.0306667 -0.0565066 
4.73 -0.00333886 0.0072484 -0.0151511 0.0301016 -0.0555834 
4.74 -0.00326638 0.00709689 -0.0148501 0.0295458 -0.0546721 
4.75 -0.00319541 0.00694838 -0.0145546 0.0289991 -0.0537724 
4.76 -0.00312593 0.00680284 -0.0142646 0.0284614 -0.0528844 
4.77 -0.0030579 0.00666019 -0.01398 0.0279325 -0.052008 
4.78 -0.0029913 0.00652039 -0.0137007 0.0274124 -0.0511432 
4.79 -0.00292609 0.00638339 -0.0134265 0.026901 -0.0502899 
4.8 -0.00286226 0.00624912 -0.0131575 0.0263981 -0.0494479 
4.81 -0.00279977 0.00611755 -0.0128935 0.0259036 -0.0486173 
4.82 -0.00273859 0.00598861 -0.0126345 0.0254174 -0.047798 
4.83 -0.00267871 0.00586226 -0.0123803 0.0249395 -0.0469899 
4.84 -0.00262008 0.00573846 -0.0121309 0.0244696 -0.046193 
4.85 -0.0025627 0.00561715 -0.0118862 0.0240076 -0.0454071 
4.86 -0.00250653 0.00549829 -0.0116462 0.0235536 -0.0446321 
4.87 -0.00245155 0.00538183 -0.0114106 0.0231072 -0.043868 
4.88 -0.00239773 0.00526772 -0.0111796 0.0226686 -0.0431148 
4.89 -0.00234505 0.00515593 -0.0109529 0.0222374 -0.0423723 
4.9 -0.00229349 0.0050464 -0.0107305 0.0218137 -0.0416403 
4.91 -0.00224303 0.00493909 -0.0105124 0.0213973 -0.040919 
4.92 -0.00219364 0.00483397 -0.0102984 0.0209881 -0.0402081 
4.93 -0.0021453 0.00473098 -0.0100885 0.020586 -0.0395075 
4.94 -0.00209799 0.0046301 -0.00988265 0.0201909 -0.0388173 
4.95 -0.00205169 0.00453127 -0.00968074 0.0198028 -0.0381371 
4.96 -0.00200637 0.00443447 -0.00948271 0.0194214 -0.0374671 
4.97 -0.00196203 0.00433964 -0.0092885 0.0190467 -0.0368071 
4.98 -0.00191863 0.00424675 -0.00909803 0.0186787 -0.0361569 
4.99 -0.00187616 0.00415577 -0.00891125 0.0183171 -0.0355166 
5 -0.00183461 0.00406666 -0.00872808 0.0179619 -0.0348859 
